,País,TP,Tmin,Tmax,Lluvia(mm),TPC,TmaxC,TminC
0,AFG,285.6,278.5,292.7,327,12.450000000000045,19.55000000000001,5.350000000000023
1,AGO,294.5,287.8,301.3,1010,21.350000000000023,28.150000000000034,14.650000000000034
2,AIA,298.6,294.7,302.5,1523,25.450000000000045,29.350000000000023,21.55000000000001
3,ALB,284.4,279.3,289.5,996,11.25,16.350000000000023,6.150000000000034
4,AND,280.6,275.9,285.3,973,7.4500000000000455,12.150000000000034,2.75
5,ARE,300.0,294.0,306.0,78,26.850000000000023,32.85000000000002,20.850000000000023
6,ARG,287.8,281.2,294.4,591,14.650000000000034,21.25,8.050000000000011
7,ARM,280.1,274.3,286.0,562,6.9500000000000455,12.850000000000023,1.150000000000034
8,ATF,300.1,296.4,303.9,1445,26.950000000000045,30.75,23.25
9,ATG,299.0,295.5,302.5,2420,25.850000000000023,29.350000000000023,22.350000000000023
10,AUS,294.6,287.9,301.4,535,21.450000000000045,28.25,14.75
11,AUT,279.3,275.3,283.4,1110,6.150000000000034,10.25,2.150000000000034
12,AZE,284.9,279.7,290.2,447,11.75,17.05000000000001,6.550000000000011
13,BDI,292.7,286.8,298.8,1218,19.55000000000001,25.650000000000034,13.650000000000034
14,BEL,282.6,278.5,286.6,847,9.450000000000045,13.450000000000045,5.350000000000023
15,BEN,300.5,294.7,306.4,1039,27.350000000000023,33.25,21.55000000000001
16,BFA,301.2,294.5,308.0,748,28.05000000000001,34.85000000000002,21.350000000000023
17,BGD,298.0,293.4,302.6,2665,24.850000000000023,29.450000000000045,20.25
18,BGR,283.5,278.6,288.5,608,10.350000000000023,15.350000000000023,5.4500000000000455
19,BHR,300.1,293.5,306.8,83,26.950000000000045,33.650000000000034,20.350000000000023
20,BHS,297.8,292.8,302.9,1292,24.650000000000034,29.75,19.650000000000034
21,BIH,282.8,278.0,287.7,1028,9.650000000000034,14.550000000000011,4.850000000000023
22,BLR,279.2,275.0,283.3,618,6.050000000000011,10.150000000000034,1.8500000000000227
23,BLZ,298.3,294.0,302.6,2191,25.150000000000034,29.450000000000045,20.850000000000023
24,BMU,294.3,289.6,299.0,1506,21.150000000000034,25.850000000000023,16.450000000000045
25,BOL,294.5,288.2,300.9,1146,21.350000000000023,27.75,15.050000000000011
26,BRA,297.9,292.6,303.3,1782,24.75,30.150000000000034,19.450000000000045
27,BRB,299.0,295.4,302.6,2066,25.850000000000023,29.450000000000045,22.25
28,BRN,299.9,295.9,303.8,2722,26.75,30.650000000000034,22.75
29,BTN,280.4,274.2,286.6,1667,7.25,13.450000000000045,1.0500000000000114
30,BWA,294.5,286.6,302.4,416,21.350000000000023,29.25,13.450000000000045
31,CAF,297.9,291.3,304.5,1343,24.75,31.350000000000023,18.150000000000034
32,CAN,267.6,262.9,272.4,537,-5.5499999999999545,-0.75,-10.25
33,CCK,299.4,297.0,301.9,2083,26.25,28.75,23.850000000000023
34,CHE,278.5,275.0,282.0,1537,5.350000000000023,8.850000000000023,1.8500000000000227
35,CHL,281.5,276.5,286.4,716,8.350000000000023,13.25,3.3500000000000227
36,CHN,279.9,273.9,286.0,627,6.75,12.850000000000023,0.75
37,CIV,299.4,294.1,304.6,1348,26.25,31.450000000000045,20.950000000000045
38,CMR,297.6,292.1,303.1,1604,24.450000000000045,29.950000000000045,18.950000000000045
39,COG,297.5,292.8,302.3,1646,24.350000000000023,29.150000000000034,19.650000000000034
40,COK,297.6,294.6,300.6,1925,24.450000000000045,27.450000000000045,21.450000000000045
41,COL,297.5,292.6,302.4,2612,24.350000000000023,29.25,19.450000000000045
42,COM,298.5,294.6,302.5,1754,25.350000000000023,29.350000000000023,21.450000000000045
43,CPV,296.3,292.6,300.0,424,23.150000000000034,26.850000000000023,19.450000000000045
44,CRI,297.8,292.6,303.0,2926,24.650000000000034,29.850000000000023,19.450000000000045
45,CUB,298.2,293.4,303.0,1335,25.05000000000001,29.850000000000023,20.25
46,CXR,298.6,293.3,303.9,2582,25.450000000000045,30.75,20.150000000000034
47,CYP,291.4,286.1,296.8,498,18.25,23.650000000000034,12.950000000000045
48,CZE,280.5,276.3,284.8,677,7.350000000000023,11.650000000000034,3.150000000000034
49,DEU,281.4,277.6,285.4,700,8.25,12.25,4.4500000000000455
50,DJI,301.0,295.8,306.2,220,27.850000000000023,33.05000000000001,22.650000000000034
51,DMA,295.3,291.9,298.8,3436,22.150000000000034,25.650000000000034,18.75
52,DNK,280.5,277.3,283.7,703,7.350000000000023,10.550000000000011,4.150000000000034
53,DOM,297.5,292.9,302.2,1410,24.350000000000023,29.05000000000001,19.75
54,DZA,295.5,288.4,302.6,89,22.350000000000023,29.450000000000045,15.25
55,ECU,294.8,288.6,301.1,2087,21.650000000000034,27.950000000000045,15.450000000000045
56,EGY,295.1,287.8,302.4,51,21.950000000000045,29.25,14.650000000000034
57,ERI,298.5,291.9,305.1,384,25.350000000000023,31.950000000000045,18.75
58,ESP,286.3,280.9,291.7,636,13.150000000000034,18.55000000000001,7.75
59,EST,278.1,274.5,281.7,626,4.9500000000000455,8.550000000000011,1.3500000000000227
60,ETH,295.2,288.5,301.9,848,22.05000000000001,28.75,15.350000000000023
61,FIN,274.7,270.6,278.8,536,1.5500000000000114,5.650000000000034,-2.5499999999999545
62,FJI,297.4,293.9,300.9,2593,24.25,27.75,20.75
63,FLK,278.9,275.0,282.8,544,5.75,9.650000000000034,1.8500000000000227
64,FRA,283.7,279.5,287.9,867,10.550000000000011,14.75,6.350000000000023
65,FRO,279.1,276.8,281.4,1578,5.9500000000000455,8.25,3.650000000000034
66,GAB,298.0,293.9,302.2,1831,24.850000000000023,29.05000000000001,20.75
67,GBR,281.4,278.1,284.8,1220,8.25,11.650000000000034,4.9500000000000455
68,GEO,278.8,273.4,284.2,1026,5.650000000000034,11.050000000000011,0.25
69,GHA,300.2,295.1,305.3,1187,27.05000000000001,32.150000000000034,21.950000000000045
70,GIB,290.5,286.3,294.7,618,17.350000000000023,21.55000000000001,13.150000000000034
71,GIN,298.7,292.6,304.8,1651,25.55000000000001,31.650000000000034,19.450000000000045
72,GLP,298.6,295.3,302.0,3024,25.450000000000045,28.850000000000023,22.150000000000034
73,GMB,300.5,293.4,307.6,837,27.350000000000023,34.450000000000045,20.25
74,GNB,299.7,293.9,305.6,1577,26.55000000000001,32.450000000000045,20.75
75,GNQ,297.5,293.6,301.5,2156,24.350000000000023,28.350000000000023,20.450000000000045
76,GRC,288.4,283.5,293.3,652,15.25,20.150000000000034,10.350000000000023
77,GRD,299.6,295.8,303.5,1535,26.450000000000045,30.350000000000023,22.650000000000034
78,GRL,257.0,250.4,263.5,585,-16.149999999999977,-9.649999999999977,-22.74999999999997
79,GTM,296.4,291.2,301.7,2712,23.25,28.55000000000001,18.05000000000001
80,GUF,298.6,294.6,302.7,2895,25.450000000000045,29.55000000000001,21.450000000000045
81,GUY,299.0,294.6,303.4,2387,25.850000000000023,30.25,21.450000000000045
82,HKG,295.6,292.3,299.0,2240,22.450000000000045,25.850000000000023,19.150000000000034
83,HND,296.5,291.9,301.1,1976,23.350000000000023,27.950000000000045,18.75
84,HRV,283.9,279.2,288.6,1113,10.75,15.450000000000045,6.050000000000011
85,HTI,297.9,293.1,302.7,1440,24.75,29.55000000000001,19.950000000000045
86,HUN,282.8,277.8,287.7,589,9.650000000000034,14.550000000000011,4.650000000000034
87,IDN,298.8,294.1,303.6,2702,25.650000000000034,30.450000000000045,20.950000000000045
88,IND,296.7,290.7,302.6,1083,23.55000000000001,29.450000000000045,17.55000000000001
89,IRL,282.3,278.9,285.7,1118,9.150000000000034,12.550000000000011,5.75
90,IRN,290.2,283.1,297.4,228,17.05000000000001,24.25,9.950000000000045
91,IRQ,294.4,287.1,301.7,216,21.25,28.55000000000001,13.950000000000045
92,ISL,274.8,271.9,277.6,978,1.650000000000034,4.4500000000000455,-1.25
93,ISR,292.2,286.4,298.0,435,19.05000000000001,24.850000000000023,13.25
94,ITA,286.4,282.5,290.4,832,13.25,17.25,9.350000000000023
95,JAM,297.9,293.6,302.3,2051,24.75,29.150000000000034,20.450000000000045
96,JOR,291.3,284.2,298.4,111,18.150000000000034,25.25,11.050000000000011
97,JPN,284.1,280.0,288.3,1668,10.950000000000045,15.150000000000034,6.850000000000023
98,KAZ,279.4,273.6,285.2,250,6.25,12.050000000000011,0.4500000000000455
99,KEN,297.7,291.9,303.6,692,24.55000000000001,30.450000000000045,18.75
100,KGZ,274.6,268.4,280.7,381,1.4500000000000455,7.550000000000011,-4.75
101,KHM,299.8,295.3,304.3,1903,26.650000000000034,31.150000000000034,22.150000000000034
102,KIR,301.2,298.3,304.1,1942,28.05000000000001,30.950000000000045,25.150000000000034
103,KNA,297.5,293.8,301.2,2133,24.350000000000023,28.05000000000001,20.650000000000034
104,KOR,284.5,279.5,289.5,1404,11.350000000000023,16.350000000000023,6.350000000000023
105,KWT,298.3,291.5,305.2,121,25.150000000000034,32.05000000000001,18.350000000000023
106,LAO,295.8,291.2,300.4,1834,22.650000000000034,27.25,18.05000000000001
107,LBN,289.4,283.7,295.1,661,16.25,21.950000000000045,10.550000000000011
108,LBR,298.3,293.0,303.6,2391,25.150000000000034,30.450000000000045,19.850000000000023
109,LBY,294.8,287.4,302.2,57,21.650000000000034,29.05000000000001,14.25
110,LCA,298.5,295.2,301.8,2301,25.350000000000023,28.650000000000034,22.05000000000001
111,LIE,278.6,275.2,282.1,1539,5.4500000000000455,8.950000000000045,2.0500000000000114
112,LKA,299.9,296.3,303.6,1712,26.75,30.450000000000045,23.150000000000034
113,LSO,284.8,278.2,291.5,789,11.650000000000034,18.350000000000023,5.050000000000011
114,LTU,279.2,275.3,283.1,656,6.050000000000011,9.950000000000045,2.150000000000034
115,LUX,281.7,277.4,285.9,934,8.550000000000011,12.75,4.25
116,LVA,278.6,274.9,282.3,641,5.4500000000000455,9.150000000000034,1.75
117,MAC,295.8,292.5,299.1,2219,22.650000000000034,25.950000000000045,19.350000000000023
118,MAR,290.1,284.1,296.1,346,16.950000000000045,22.950000000000045,10.950000000000045
119,MCO,286.5,283.1,290.0,894,13.350000000000023,16.850000000000023,9.950000000000045
120,MDA,282.4,278.0,286.9,553,9.25,13.75,4.850000000000023
121,MDG,295.6,291.0,300.3,1513,22.450000000000045,27.150000000000034,17.850000000000023
122,MDV,300.6,297.8,303.5,1972,27.450000000000045,30.350000000000023,24.650000000000034
123,MEX,294.0,286.5,301.5,752,20.850000000000023,28.350000000000023,13.350000000000023
124,MHL,300.4,297.7,303.1,2705,27.25,29.950000000000045,24.55000000000001
125,MKD,282.8,277.5,288.1,619,9.650000000000034,14.950000000000045,4.350000000000023
126,MLI,301.2,293.9,308.6,282,28.05000000000001,35.450000000000045,20.75
127,MLT,292.2,288.2,296.2,383,19.05000000000001,23.05000000000001,15.050000000000011
128,MMR,296.0,290.7,281.4,2091,22.850000000000023,8.25,17.55000000000001
129,MNG,272.3,265.3,279.3,241,-0.8499999999999659,6.150000000000034,-7.849999999999966
130,MNP,300.3,297.4,303.3,7369,27.150000000000034,30.150000000000034,24.25
131,MOZ,296.8,291.5,302.1,1031,23.650000000000034,28.950000000000045,18.350000000000023
132,MRT,300.6,293.2,308.1,92,27.450000000000045,34.950000000000045,20.05000000000001
133,MSR,298.1,294.6,301.6,2556,24.950000000000045,28.450000000000045,21.450000000000045
134,MTQ,298.4,295.2,301.8,2631,25.25,28.650000000000034,22.05000000000001
135,MUS,295.4,291.9,298.9,2041,22.25,25.75,18.75
136,MWI,294.9,289.6,300.2,1181,21.75,27.05000000000001,16.450000000000045
137,MYS,298.4,294.2,302.6,2875,25.25,29.450000000000045,21.05000000000001
138,NAM,292.9,285.7,300.2,285,19.75,27.05000000000001,12.550000000000011
139,NCL,295.1,292.1,298.2,1498,21.950000000000045,25.05000000000001,18.950000000000045
140,NER,300.1,292.4,307.9,151,26.950000000000045,34.75,19.25
141,NFK,291.7,289.2,294.3,1436,18.55000000000001,21.150000000000034,16.05000000000001
142,NGA,299.8,293.8,305.8,1150,26.650000000000034,32.650000000000034,20.650000000000034
143,NIC,297.8,293.3,302.5,2391,24.650000000000034,29.350000000000023,20.150000000000034
144,NIU,297.4,294.6,300.3,2210,24.25,27.150000000000034,21.450000000000045
145,NLD,282.2,278.5,286.0,778,9.050000000000011,12.850000000000023,5.350000000000023
146,NOR,274.5,271.0,278.0,1119,1.3500000000000227,4.850000000000023,-2.1499999999999773
147,NPL,281.1,274.5,287.7,1321,7.9500000000000455,14.550000000000011,1.3500000000000227
148,NRU,300.6,297.5,303.8,2445,27.450000000000045,30.650000000000034,24.350000000000023
149,NZL,283.5,279.0,288.1,1732,10.350000000000023,14.950000000000045,5.850000000000023
150,OMN,298.6,293.8,303.4,125,25.450000000000045,30.25,20.650000000000034
151,PAK,293.2,286.2,300.2,305,20.05000000000001,27.05000000000001,13.050000000000011
152,PAN,298.4,294.3,302.5,2692,25.25,29.350000000000023,21.150000000000034
153,PER,292.6,286.5,298.7,1493,19.450000000000045,25.55000000000001,13.350000000000023
154,PHL,298.8,294.6,303.1,2348,25.650000000000034,29.950000000000045,21.450000000000045
155,PLW,300.6,297.1,304.1,3259,27.450000000000045,30.950000000000045,23.950000000000045
156,PNG,298.2,293.1,303.4,3142,25.05000000000001,30.25,19.950000000000045
157,POL,280.8,276.8,284.9,600,7.650000000000034,11.75,3.650000000000034
158,PRI,298.2,294.2,302.3,2054,25.05000000000001,29.150000000000034,21.05000000000001
159,PRK,278.7,273.3,284.1,1062,5.550000000000011,10.950000000000045,0.1500000000000341
160,PRT,288.1,283.2,293.1,855,14.950000000000045,19.950000000000045,10.050000000000011
161,PRY,296.5,290.7,302.4,1130,23.350000000000023,29.25,17.55000000000001
162,QAT,300.1,294.3,306.0,74,26.950000000000045,32.85000000000002,21.150000000000034
163,REU,293.1,289.4,297.0,2051,19.950000000000045,23.850000000000023,16.25
164,ROM,281.8,276.8,286.8,637,8.650000000000034,13.650000000000034,3.650000000000034
165,RUS,267.9,262.9,272.9,460,-5.25,-0.25,-10.25
166,RWA,290.9,284.9,296.8,1212,17.75,23.650000000000034,11.75
167,SAU,297.6,291.2,304.1,0,24.450000000000045,30.950000000000045,18.05000000000001
168,SDN,299.8,292.4,307.4,417,26.650000000000034,34.25,19.25
169,SEN,300.9,293.8,307.9,687,27.75,34.75,20.650000000000034
170,SGP,299.4,295.6,303.3,2497,26.25,30.150000000000034,22.450000000000045
171,SHN,291.1,289.3,292.9,764,17.950000000000045,19.75,16.150000000000034
172,SJM,264.9,261.9,267.8,495,-8.25,-5.349999999999966,-11.25
173,SLB,298.6,294.7,302.6,3028,25.450000000000045,29.450000000000045,21.55000000000001
174,SLE,299.0,294.0,304.1,2526,25.850000000000023,30.950000000000045,20.850000000000023
175,SLV,297.4,291.4,303.5,1724,24.25,30.350000000000023,18.25
176,SMR,284.8,281.2,288.5,840,11.650000000000034,15.350000000000023,8.050000000000011
177,SOM,300.0,294.2,305.9,282,26.850000000000023,32.75,21.05000000000001
178,STP,296.7,293.5,300.0,2169,23.55000000000001,26.850000000000023,20.350000000000023
179,SUR,298.7,294.3,303.1,2331,25.55000000000001,29.950000000000045,21.150000000000034
180,SVK,279.8,275.1,284.5,824,6.650000000000034,11.350000000000023,1.9500000000000455
181,SVN,281.9,277.2,286.6,1161,8.75,13.450000000000045,4.050000000000011
182,SWE,275.1,270.9,279.3,624,1.9500000000000455,6.150000000000034,-2.25
183,SWZ,294.4,288.5,300.3,788,21.25,27.150000000000034,15.350000000000023
184,SYC,300.1,297.5,302.8,1970,26.950000000000045,29.650000000000034,24.350000000000023
185,SYR,290.7,283.8,297.7,318,17.55000000000001,24.55000000000001,10.650000000000034
186,TCA,301.0,297.9,304.1,3035,27.850000000000023,30.950000000000045,24.75
187,TCD,299.5,291.6,307.5,322,26.350000000000023,34.35000000000002,18.450000000000045
188,TGO,300.1,294.8,305.5,1168,26.950000000000045,32.35000000000002,21.650000000000034
189,THA,299.3,294.2,304.4,1622,26.150000000000034,31.25,21.05000000000001
190,TJK,275.0,269.1,280.9,491,1.8500000000000227,7.75,-4.0499999999999545
191,TKL,300.9,297.9,303.9,2628,27.75,30.75,24.75
192,TKM,288.1,281.7,294.5,162,14.950000000000045,21.350000000000023,8.550000000000011
193,TON,298.2,295.5,301.0,1966,25.05000000000001,27.850000000000023,22.350000000000023
194,TTO,298.7,294.5,303.0,1787,25.55000000000001,29.850000000000023,21.350000000000023
195,TUN,292.1,286.5,297.9,313,18.950000000000045,24.75,13.350000000000023
196,TUR,284.1,278.4,289.8,593,10.950000000000045,16.650000000000034,5.25
197,TUV,301.0,297.9,304.1,3035,27.850000000000023,30.950000000000045,24.75
198,TZA,295.3,289.7,301.0,1071,22.150000000000034,27.850000000000023,16.55000000000001
199,UGA,295.8,289.6,302.0,1180,22.650000000000034,28.850000000000023,16.450000000000045
200,UKR,281.3,277.0,285.6,565,8.150000000000034,12.450000000000045,3.8500000000000227
201,URY,290.5,285.2,295.9,1265,17.350000000000023,22.75,12.050000000000011
202,USA,281.5,275.2,287.9,736,8.350000000000023,14.75,2.0500000000000114
203,UZB,285.1,278.8,291.3,206,11.950000000000045,18.150000000000034,5.650000000000034
204,VCT,299.8,296.4,303.2,1583,26.650000000000034,30.05000000000001,23.25
205,VEN,298.3,293.3,303.4,1875,25.150000000000034,30.25,20.150000000000034
206,VIR,298.6,294.5,302.7,2263,25.450000000000045,29.55000000000001,21.350000000000023
207,VNM,297.4,293.6,301.3,1821,24.25,28.150000000000034,20.450000000000045
208,VUT,297.0,293.6,300.3,2876,23.850000000000023,27.150000000000034,20.450000000000045
209,WSM,299.7,296.8,302.6,2991,26.55000000000001,29.450000000000045,23.650000000000034
210,YEM,296.8,291.6,302.1,167,23.650000000000034,28.950000000000045,18.450000000000045
211,ZAF,290.8,283.6,297.9,495,17.650000000000034,24.75,10.450000000000045
212,ZAR,297.0,291.4,302.6,1543,23.850000000000023,29.450000000000045,18.25
213,ZMB,294.4,287.5,301.3,1020,21.25,28.150000000000034,14.350000000000023
214,ZWE,294.0,287.2,300.8,692,20.850000000000023,27.650000000000034,14.050000000000011
